2.5041329530820255,0.7508449899589598,2.7991449637259227,10.023436342871587,2.454105540352076,2.941099239682855
0.011494368183650244,0.003120944483059062,0.01148521641313958,0.03773517463379112,0.007799816829517201,0.007778321022673668
0.003120944483059062,0.001153889583105424,0.0034403788078778003,0.012696938695786258,0.0020794399092634677,0.002598816685874239
0.01148521641313958,0.0034403788078778003,0.012696909380654134,0.04505764778974787,0.008122794908153043,0.01057314747593221
0.03773517463379112,0.012696938695786258,0.04505764778974787,0.18443557797788268,0.02647742685994837,0.04307591805574063
0.007799816829517201,0.0020794399092634677,0.008122794908153043,0.02647742685994837,0.008823127404366799,0.006161133140151079
0.007778321022673668,0.002598816685874239,0.01057314747593221,0.04307591805574063,0.006161133140151079,0.016022461579297268
2.9356185374035024,0.7770906346852318,3.354213137639991,10.181927273247176,2.811578801158087,3.0294420053090105
7.207140250275429e-06,1.5300671667504044e-06,7.2726510139208e-06,2.1844128749472434e-05,5.86061070432311e-06,6.289447287655824e-06
1.5300671667504044e-06,4.398144384725399e-07,1.729123272136473e-06,5.712202497871768e-06,1.3679802862279767e-06,1.4654991604776587e-06
7.2726510139208e-06,1.729123272136473e-06,7.848560007495952e-06,2.444161911061051e-05,6.226919144184107e-06,6.934103249010467e-06
2.1844128749472434e-05,5.712202497871768e-06,2.444161911061051e-05,8.270380159267136e-05,1.9114268169758698e-05,2.2477172967650628e-05
5.86061070432311e-06,1.3679802862279767e-06,6.226919144184107e-06,1.9114268169758698e-05,5.263973100989634e-06,5.3920558399119775e-06
6.289447287655824e-06,1.4654991604776587e-06,6.934103249010467e-06,2.2477172967650628e-05,5.3920558399119775e-06,7.482958168103988e-06
3.1038823037694403,0.7949192398878016,3.6938041383079323,10.68805737529207,3.092890591684309,3.2222374343459377
1.250203237778171e-05,2.2632546942664674e-06,1.247776091410572e-05,3.4207767382885283e-05,1.0448006539974538e-05,1.0946606012184677e-05
2.2632546942664674e-06,7.161035958006816e-07,2.841773036870131e-06,9.36493089522228e-06,2.3535671053508764e-06,2.461741459121538e-06
1.247776091410572e-05,2.841773036870131e-06,1.4705867406061798e-05,4.307692435889816e-05,1.2067944070289673e-05,1.3527185552135793e-05
3.4207767382885283e-05,9.36493089522228e-06,4.307692435889816e-05,0.00014748200353462962,3.5341280769693234e-05,4.166574621849754e-05
1.0448006539974538e-05,2.3535671053508764e-06,1.2067944070289673e-05,3.5341280769693234e-05,1.0650925120784166e-05,1.1025085543546129e-05
1.0946606012184677e-05,2.461741459121538e-06,1.3527185552135793e-05,4.166574621849754e-05,1.1025085543546129e-05,1.5525062542191872e-05
3.447482747139666,0.845011721169996,4.060521422549335,10.773753161447047,3.436978324012794,3.297191170469183
5.603058644407889e-06,1.1044605324210609e-06,6.0441124021554985e-06,1.6203817576146883e-05,5.08222343668372e-06,5.0183957935998336e-06
1.1044605324210609e-06,2.9205088680394884e-07,1.3174966460443902e-06,3.850804044205007e-06,1.1097331536715409e-06,1.1216044916941218e-06
6.0441124021554985e-06,1.3174966460443902e-06,7.017545389141276e-06,1.9274874598794637e-05,5.817674216648971e-06,6.01262088427132e-06
1.6203817576146883e-05,3.850804044205007e-06,1.9274874598794637e-05,5.837967235871356e-05,1.613940951842414e-05,1.7128630102307434e-05
5.08222343668372e-06,1.1097331536715409e-06,5.817674216648971e-06,1.613940951842414e-05,5.0567618381768514e-06,5.006986718761313e-06
5.0183957935998336e-06,1.1216044916941218e-06,6.01262088427132e-06,1.7128630102307434e-05,5.006986718761313e-06,5.980025827798111e-06
3.6944796649707965,0.8983119346443375,4.3566601204647375,10.84765261029583,3.746868935747135,3.3934710647162154
1.1168205466181345e-05,2.2502342535120396e-06,1.239861146721369e-05,3.116135151716387e-05,1.070384173734626e-05,9.904648595594696e-06
2.2502342535120396e-06,5.516776495745993e-07,2.6714097057542683e-06,7.070318590903881e-06,2.310376152662077e-06,2.1796956875307815e-06
1.239861146721369e-05,2.6714097057542683e-06,1.4433253896847737e-05,3.68366666207673e-05,1.2353093480859231e-05,1.1706027010681919e-05
3.116135151716387e-05,7.070318590903881e-06,3.68366666207673e-05,0.00010046557734285081,3.180790265279987e-05,3.058630780954032e-05
1.070384173734626e-05,2.310376152662077e-06,1.2353093480859231e-05,3.180790265279987e-05,1.0939636641880195e-05,1.00815424070386e-05
9.904648595594696e-06,2.1796956875307815e-06,1.1706027010681919e-05,3.058630780954032e-05,1.00815424070386e-05,1.0380042439633778e-05
4.007392484442261,0.9012339190718256,4.628933373285504,11.006497871246689,4.038406484635793,3.493815601086318
3.8136445676147885e-05,6.481418507572762e-06,3.94220767749977e-05,9.11270691439596e-05,3.532385896113062e-05,2.9060205903126173e-05
6.481418507572762e-06,1.387671491584679e-06,7.3589618714417595e-06,1.803522664667915e-05,6.589729703490945e-06,5.784180298356541e-06
3.94220767749977e-05,7.3589618714417595e-06,4.390732561149634e-05,0.00010320912298070744,3.862363016872984e-05,3.31590596776323e-05
9.11270691439596e-05,1.803522664667915e-05,0.00010320912298070744,0.00026488814868947904,9.240319356798098e-05,8.267957034273529e-05
3.532385896113062e-05,6.589729703490945e-06,3.862363016872984e-05,9.240319356798098e-05,3.571745769943356e-05,2.9852121962054454e-05
2.9060205903126173e-05,5.784180298356541e-06,3.31590596776323e-05,8.267957034273529e-05,2.9852121962054454e-05,2.8732731305308592e-05
4.306188234588519,0.966899340305452,4.944955364457653,10.942155054540118,4.317621227119078,3.570883424733593
1.3210336546940034e-05,2.360571637181646e-06,1.3981250316447746e-05,2.982048002809246e-05,1.2468187773264512e-05,9.860872617831277e-06
2.360571637181646e-06,5.04763193652837e-07,2.69319143116655e-06,5.997299063952398e-06,2.3843872954168835e-06,1.9842032387576253e-06
1.3981250316447746e-05,2.69319143116655e-06,1.571689738452822e-05,3.390013991619483e-05,1.3760127854200877e-05,1.1164327777494574e-05
2.982048002809246e-05,5.997299063952398e-06,3.390013991619483e-05,7.850201145170691e-05,2.987715716161622e-05,2.516089390516039e-05
1.2468187773264512e-05,2.3843872954168835e-06,1.3760127854200877e-05,2.987715716161622e-05,1.2575444780200247e-05,9.920512067984388e-06
9.860872617831277e-06,1.9842032387576253e-06,1.1164327777494574e-05,2.516089390516039e-05,9.920512067984388e-06,8.989514954779583e-06
4.640992894903927,0.9789904391645993,5.201225796829177,10.904607182227862,4.619641916095107,3.6463009181831967
4.5427868968805146e-05,7.632805408522033e-06,4.577371612223315e-05,9.314099939737846e-05,4.338345423830281e-05,3.167364280149875e-05
7.632805408522033e-06,1.5181609578803148e-06,8.183515876034439e-06,1.758990014888557e-05,7.736228766275658e-06,5.9615240604862054e-06
4.577371612223315e-05,8.183515876034439e-06,4.8683273722890316e-05,0.0001001496908802625,4.540303783254243e-05,3.3946605943809204e-05
9.314099939737846e-05,1.758990014888557e-05,0.0001001496908802625,0.00022323879884464794,9.479707728609295e-05,7.278771883469314e-05
4.338345423830281e-05,7.736228766275658e-06,4.540303783254243e-05,9.479707728609295e-05,4.458030851486608e-05,3.2228877230631137e-05
3.167364280149875e-05,5.9615240604862054e-06,3.3946605943809204e-05,7.278771883469314e-05,3.2228877230631137e-05,2.6906368027964982e-05
4.8792554813091815,1.0494960586417423,5.4907842583439095,10.890860810447466,4.945252678361672,3.6726847769385924
1.7929479929383206e-05,3.342889507089237e-06,1.9135582666885852e-05,3.732762007623517e-05,1.8000109641228056e-05,1.2787371547867366e-05
3.342889507089237e-06,7.076443574463243e-07,3.7474374913792464e-06,7.631167461305507e-06,3.5181398508418476e-06,2.5955527521782482e-06
1.9135582666885852e-05,3.7474374913792464e-06,2.1299805973297495e-05,4.205506540393802e-05,1.9841528986985155e-05,1.431686120441002e-05
3.732762007623517e-05,7.631167461305507e-06,4.205506540393802e-05,8.854245178178086e-05,3.941188495268975e-05,2.9124430638773462e-05
1.8000109641228056e-05,3.5181398508418476e-06,1.9841528986985155e-05,3.941188495268975e-05,1.9057919066663886e-05,1.3438618581737159e-05
1.2787371547867366e-05,2.5955527521782482e-06,1.431686120441002e-05,2.9124430638773462e-05,1.3438618581737159e-05,1.0553496706842271e-05
5.011177060879348,1.0784316041155213,5.674336931940589,10.802565309829932,5.146803535052016,3.698567984547811
5.3240632987642985e-05,1.0500930723938418e-05,5.8078533559939966e-05,0.0001080353676585191,5.310653725460396e-05,3.73212452302341e-05
1.0500930723938418e-05,2.3682347898258024e-06,1.2162793529323346e-05,2.358022425892787e-05,1.118605620636491e-05,8.081372978536857e-06
5.8078533559939966e-05,1.2162793529323346e-05,6.704611328414898e-05,0.00012617146375015116,6.109817620780754e-05,4.378202794944777e-05
0.0001080353676585191,2.358022425892787e-05,0.00012617146375015116,0.00025517040174400957,0.00011596276571221954,8.402427589961962e-05
5.310653725460396e-05,1.118605620636491e-05,6.109817620780754e-05,0.00011596276571221954,5.8617289745078765e-05,4.01074798134386e-05
3.73212452302341e-05,8.081372978536857e-06,4.378202794944777e-05,8.402427589961962e-05,4.01074798134386e-05,3.120362852957121e-05
5.378085908516767,1.1597301959394506,5.958949074802241,10.788825802769887,5.467482032901266,3.739147566695587
2.1271263349031377e-05,4.11976763704852e-06,2.24286836768503e-05,4.080724335558529e-05,2.120244293743843e-05,1.3889388719434776e-05
4.11976763704852e-06,8.831269233805008e-07,4.5141897617142295e-06,8.509519286551687e-06,4.274152173217355e-06,2.898054353342814e-06
2.24286836768503e-05,4.5141897617142295e-06,2.4425179254104982e-05,4.468511741954864e-05,2.2888084744553736e-05,1.5253682272996862e-05
4.080724335558529e-05,8.509519286551687e-06,4.468511741954864e-05,8.754993607349949e-05,4.2461123587338e-05,2.875461607011332e-05
2.120244293743843e-05,4.274152173217355e-06,2.2888084744553736e-05,4.2461123587338e-05,2.2217248888646608e-05,1.4427105929673435e-05
1.3889388719434776e-05,2.898054353342814e-06,1.5253682272996862e-05,2.875461607011332e-05,1.4427105929673435e-05,1.0450912174607705e-05
5.548063524973026,1.1912689649954666,6.133544711917198,10.854038230653742,5.7043278670537605,3.728896134562128
7.441828873093107e-05,1.2928078812463753e-05,7.64435219025932e-05,0.00013304839750316372,7.354865950853468e-05,4.252550625314347e-05
1.2928078812463753e-05,2.605779357158369e-06,1.4025909365717102e-05,2.5683155345271766e-05,1.367048244631875e-05,8.22774472900638e-06
7.64435219025932e-05,1.4025909365717102e-05,8.201994272602694e-05,0.00014403074059300117,7.839451756888495e-05,4.615233986682983e-05
0.00013304839750316372,2.5683155345271766e-05,0.00014403074059300117,0.00027141639542043085,0.00013956416804984596,8.307758667228496e-05
7.354865950853468e-05,1.367048244631875e-05,7.839451756888495e-05,0.00013956416804984596,7.76337040313131e-05,4.4276001384257036e-05
4.252550625314347e-05,8.22774472900638e-06,4.615233986682983e-05,8.307758667228496e-05,4.4276001384257036e-05,2.900297007155503e-05
5.96731352771016,1.2757346573911528,6.460749495609285,10.895711576313305,6.032119353161172,3.775278009162051
2.7343212903711058e-05,5.102837500106533e-06,2.8429779950339057e-05,4.856686345126268e-05,2.7374409663860996e-05,1.5735629403039355e-05
5.102837500106533e-06,1.0432622222415516e-06,5.50226373879159e-06,9.645933706627454e-06,5.3104736053658235e-06,3.1475694562084805e-06
2.8429779950339057e-05,5.50226373879159e-06,3.062536386866074e-05,5.231825105341338e-05,2.9127466820065128e-05,1.6982226969263125e-05
4.856686345126268e-05,9.645933706627454e-06,5.231825105341338e-05,9.471021951818077e-05,5.040066113421823e-05,2.9556621198857656e-05
2.7374409663860996e-05,5.3104736053658235e-06,2.9127466820065128e-05,5.040066113421823e-05,2.8634652506236794e-05,1.6314360661686365e-05
1.5735629403039355e-05,3.1475694562084805e-06,1.6982226969263125e-05,2.9556621198857656e-05,1.6314360661686365e-05,1.0345272285548482e-05
6.152173450776964,1.299061380766142,6.659202327678969,10.927292972916105,6.2596145553736315,3.688483145404001
0.0001100368232587829,1.976817364273155e-05,0.00011293884671413709,0.00018532862949093197,0.0001079790043368034,5.73904360243951e-05
1.976817364273155e-05,3.860157721434338e-06,2.09142108572665e-05,3.512910875949435e-05,2.015691732218023e-05,1.1050274997035222e-05
0.00011293884671413709,2.09142108572665e-05,0.00011911207711434656,0.00019501974863001738,0.00011255903371810344,6.1069620329221e-05
0.00018532862949093197,3.512910875949435e-05,0.00019501974863001738,0.00034036797254669634,0.00018770143898037345,0.00010182865740673424
0.0001079790043368034,2.015691732218023e-05,0.00011255903371810344,0.00018770143898037345,0.0001111266055951781,5.87419236426094e-05
5.73904360243951e-05,1.1050274997035222e-05,6.1069620329221e-05,0.00010182865740673424,5.87419236426094e-05,3.4623910681912466e-05
6.493186117018036,1.3863216713175706,6.989728951051382,10.912731876958334,6.608484396830471,3.75419640011479
3.9337012390828136e-05,7.398700665126754e-06,4.065713217792872e-05,6.372539689644342e-05,3.967557975369544e-05,2.1147536730448487e-05
7.398700665126754e-06,1.4810615553807816e-06,7.838496976029508e-06,1.2540919634176436e-05,7.639100163319891e-06,4.1443323900009125e-06
4.065713217792872e-05,7.838496976029508e-06,4.297442287609372e-05,6.74426836836608e-05,4.1489858545822084e-05,2.2301591132183576e-05
6.372539689644342e-05,1.2540919634176436e-05,6.74426836836608e-05,0.0001113240877321985,6.569504748573834e-05,3.5388814660163616e-05
3.967557975369544e-05,7.639100163319891e-06,4.1489858545822084e-05,6.569504748573834e-05,4.128731405306875e-05,2.1797508982656398e-05
2.1147536730448487e-05,4.1443323900009125e-06,2.2301591132183576e-05,3.5388814660163616e-05,2.1797508982656398e-05,1.246293949851563e-05
6.632326284563996,1.4161014279591262,7.161844906186397,11.005887876634125,6.917062484534861,3.7669682214654725
0.00014071468057401236,2.6626749531350674e-05,0.00014517021493212125,0.00022328217719434635,0.00014401470220226994,7.439759567238625e-05
2.6626749531350674e-05,5.462882429627817e-06,2.849095523787188e-05,4.560296306485207e-05,2.8379732394338556e-05,1.5111104017821273e-05
0.00014517021493212125,2.849095523787188e-05,0.00015643376151156657,0.0002391861797914671,0.00015248226255108995,7.98579359323213e-05
0.00022328217719434635,4.560296306485207e-05,0.0002391861797914671,0.00039850525407466946,0.00023945685043863814,0.00012733195050330354
0.00014401470220226994,2.8379732394338556e-05,0.00015248226255108995,0.00023945685043863814,0.00015458256228430246,7.934948658195191e-05
7.439759567238625e-05,1.5111104017821273e-05,7.98579359323213e-05,0.00012733195050330354,7.934948658195191e-05,4.551328756716212e-05
7.0201598721014955,1.5026011900787364,7.467800686422572,11.008723708521362,7.1990621197493905,3.799334316751033
4.3276853306694696e-05,8.418394593682127e-06,4.4156060107078056e-05,6.680126450487964e-05,4.3773918841490825e-05,2.2759308802205774e-05
8.418394593682127e-06,1.7426454834273952e-06,8.826822024866973e-06,1.3668443261692156e-05,8.75686986399974e-06,4.6434607411220095e-06
4.4156060107078056e-05,8.826822024866973e-06,4.655570187481188e-05,7.009996464475731e-05,4.557371696135304e-05,2.3863536331690826e-05
6.680126450487964e-05,1.3668443261692156e-05,7.009996464475731e-05,0.00011211815185457832,6.935406851770636e-05,3.6863613647670956e-05
4.3773918841490825e-05,8.75686986399974e-06,4.557371696135304e-05,6.935406851770636e-05,4.636077479974636e-05,2.361911882185212e-05
2.2759308802205774e-05,4.6434607411220095e-06,2.3863536331690826e-05,3.6863613647670956e-05,2.361911882185212e-05,1.3499169689433795e-05
7.292354189075506,1.5111467926878175,7.543083093580311,10.956042739299296,7.457533505364728,3.864974677266149
0.0002362904744373111,4.242263575700606e-05,0.00022710262521900785,0.00033308215294370377,0.00023322350100610998,0.00011614923493137976
4.242263575700606e-05,8.05713982091125e-06,4.150279651608111e-05,6.23545304056081e-05,4.30244504918282e-05,2.1953591013494873e-05
0.00022710262521900785,4.150279651608111e-05,0.00022238748312547541,0.0003264884597038613,0.0002268428024228857,0.00011411260314708121
0.00033308215294370377,6.23545304056081e-05,0.0003264884597038613,0.0005030023483083973,0.00033725833627161494,0.00017078707979599174
0.00023322350100610998,4.30244504918282e-05,0.0002268428024228857,0.00033725833627161494,0.0002395666076942106,0.00011871472229384446
0.00011614923493137976,2.1953591013494873e-05,0.00011411260314708121,0.00017078707979599174,0.00011871472229384446,6.465567915331694e-05
7.528704249511067,1.517327962629002,7.79620188184769,10.916642939475505,7.82197846309907,3.8358759331045045
0.00015195250188070576,2.644518466030739e-05,0.000148521268123476,0.00021037636313009535,0.00015689861692222908,6.724795820701656e-05
2.644518466030739e-05,4.8922984951068234e-06,2.6512117337849912e-05,3.8619301779432956e-05,2.8156054272930808e-05,1.2433914515750252e-05
0.000148521268123476,2.6512117337849912e-05,0.00014888074560286116,0.00021149283206188567,0.00015585029801705853,6.749401028885897e-05
0.00021037636313009535,3.8619301779432956e-05,0.00021149283206188567,0.0003225601301376133,0.00022590467608595355,9.911866865524755e-05
0.00015689861692222908,2.8156054272930808e-05,0.00015585029801705853,0.00022590467608595355,0.00017044591273376088,7.250200867427113e-05
6.724795820701656e-05,1.2433914515750252e-05,6.749401028885897e-05,9.911866865524755e-05,7.250200867427113e-05,3.483465447974806e-05
7.772273892469555,1.6128173185302201,8.177970869044646,10.917850988426382,7.992490023198516,3.8695247627291094
5.798522041026402e-05,1.0911679283997223e-05,5.882587088328087e-05,8.018837322556475e-05,6.01910359563101e-05,2.720220243524525e-05
1.0911679283997223e-05,2.1447047899468074e-06,1.1255027055907736e-05,1.5593581633696628e-05,1.1553613369472618e-05,5.2960841013501175e-06
5.882587088328087e-05,1.1255027055907736e-05,6.108191434772395e-05,8.28913709892827e-05,6.183809101721033e-05,2.801749546607317e-05
8.018837322556475e-05,1.5593581633696628e-05,8.28913709892827e-05,0.00011875814018840811,8.503195135826312e-05,3.880596846950703e-05
6.01910359563101e-05,1.1553613369472618e-05,6.183809101721033e-05,8.503195135826312e-05,6.430061034217387e-05,2.8784344373238165e-05
2.720220243524525e-05,5.2960841013501175e-06,2.801749546607317e-05,3.880596846950703e-05,2.8784344373238165e-05,1.4006065839584265e-05
7.988623252892655,1.653515155546168,8.29558305234907,10.685666062146801,8.228606321585989,3.8371753585993433
0.00025636984699014057,4.966621214602072e-05,0.00025063567705140694,0.00033398188623266686,0.00026461598625803905,0.00011824608217347547
4.966621214602072e-05,1.0224534186879137e-05,4.9688784394762226e-05,6.70259179419205e-05,5.2986100710696676e-05,2.3803071225830964e-05
0.00025063567705140694,4.9688784394762226e-05,0.00025401404810613664,0.0003343444773223132,0.00026248617229750274,0.0001177728717543148
0.00033398188623266686,6.70259179419205e-05,0.0003343444773223132,0.0004656120550390034,0.0003529766182221126,0.0001588997845356354
0.00026461598625803905,5.2986100710696676e-05,0.00026248617229750274,0.0003529766182221126,0.00028746428359701677,0.00012409319442660321
0.00011824608217347547,2.3803071225830964e-05,0.0001177728717543148,0.0001588997845356354,0.00012409319442660321,5.938631513283966e-05
8.247480184125905,1.7197158874477405,8.359830273759233,10.80638181134477,8.61982306174521,3.904357686247843
0.0001405157240091353,2.7951736444988292e-05,0.00013361986590709673,0.00018425046049919843,0.00015092825241226192,6.521210232950027e-05
2.7951736444988292e-05,5.7566004092326784e-06,2.6910056133183637e-05,3.749944020943307e-05,3.0620757147390684e-05,1.3282018593921768e-05
0.00013361986590709673,2.6910056133183637e-05,0.00013163129917089436,0.0001790914101589592,0.00014612736282168997,6.301545850109463e-05
0.00018425046049919843,3.749944020943307e-05,0.0001790914101589592,0.0002590858958751146,0.0002019778754158218,8.805914845771919e-05
0.00015092825241226192,3.0620757147390684e-05,0.00014612736282168997,0.0002019778754158218,0.00016945997106655324,7.109440319453429e-05
6.521210232950027e-05,1.3282018593921768e-05,6.301545850109463e-05,8.805914845771919e-05,7.109440319453429e-05,3.296727353588946e-05
8.558485577283516,1.8183237033460626,8.797743694634207,10.878749966182893,8.790201314440536,4.001830575941293
5.8976497927063804e-05,1.1886356941929868e-05,5.795107536672794e-05,7.429497246063526e-05,6.257994485965782e-05,2.7199696096634776e-05
1.1886356941929868e-05,2.501243444275722e-06,1.1854009914180912e-05,1.5469153152344905e-05,1.2869208571570839e-05,5.646498245622212e-06
5.795107536672794e-05,1.1854009914180912e-05,5.828768572087762e-05,7.42562449720531e-05,6.208154576075173e-05,2.7161519317986027e-05
7.429497246063526e-05,1.5469153152344905e-05,7.42562449720531e-05,0.00010003497256299844,8.012792541698005e-05,3.548249058404143e-05
6.257994485965782e-05,1.2869208571570839e-05,6.208154576075173e-05,8.012792541698005e-05,6.890899548368543e-05,2.9375926121188655e-05
2.7199696096634776e-05,5.646498245622212e-06,2.7161519317986027e-05,3.548249058404143e-05,2.9375926121188655e-05,1.371362721180744e-05
8.73341125199492,1.8663162765903798,8.926762666343388,10.913674144350237,9.334394692267782,4.149753712605621
0.00022842084389318668,4.582050176085035e-05,0.00022226380805637146,0.000275665014568926,0.00025559363056825286,0.0001102272755585691
4.582050176085035e-05,9.742834373571529e-06,4.538037701928662e-05,5.74223803859714e-05,5.267309383382784e-05,2.269789970310386e-05
0.00022226380805637146,4.538037701928662e-05,0.0002225347676687173,0.0002731614597330094,0.0002520591007432696,0.00010836551915358164
0.000275665014568926,5.74223803859714e-05,0.0002731614597330094,0.0003577200008926324,0.00031271751092316164,0.00013627931454509977
0.00025559363056825286,5.267309383382784e-05,0.0002520591007432696,0.00031271751092316164,0.0002982646914256762,0.00012552969486555137
0.0001102272755585691,2.269789970310386e-05,0.00010836551915358164,0.00013627931454509977,0.00012552969486555137,5.76860971862244e-05
9.031056772369888,1.9579924200091554,9.279329148378174,10.951689453888234,9.378846944954558,4.195931137185489
7.562065641003349e-05,1.5442250068908264e-05,7.528897023267324e-05,8.975756787903897e-05,8.007973607215294e-05,3.5360967378094175e-05
1.5442250068908264e-05,3.286056732498408e-06,1.5566869200150467e-05,1.877733984803739e-05,1.6624301837443696e-05,7.430239908979024e-06
7.528897023267324e-05,1.5566869200150467e-05,7.654065328709031e-05,9.05587055833732e-05,8.05426164988733e-05,3.575151943415693e-05
8.975756787903897e-05,1.877733984803739e-05,9.05587055833732e-05,0.00011163147552736116,9.602608354535381e-05,4.292199873950632e-05
8.007973607215294e-05,1.6624301837443696e-05,8.05426164988733e-05,9.602608354535381e-05,8.68246003532517e-05,3.8053932613436194e-05
3.5360967378094175e-05,7.430239908979024e-06,3.575151943415693e-05,4.292199873950632e-05,3.8053932613436194e-05,1.7778353436998003e-05
9.314018392978001,1.9712101590650577,9.502906026102638,10.802706354529962,9.818538662951479,4.27005741868675
0.00032734418824760194,6.217511557869373e-05,0.0003233236335904776,0.0003633647458030583,0.00035443458855306033,0.00014776710855827571
6.217511557869373e-05,1.2570743108278e-05,6.265267979830873e-05,7.142261653447538e-05,6.880069809257911e-05,2.9229345863250855e-05
0.0003233236335904776,6.265267979830873e-05,0.0003268339271545544,0.0003669346934195453,0.00035489578351849155,0.0001490891077022463
0.0003633647458030583,7.142261653447538e-05,0.0003669346934195453,0.00042743592234221144,0.00039911580254011294,0.00016968737023715028
0.00035443458855306033,6.880069809257911e-05,0.00035489578351849155,0.00039911580254011294,0.00039684721837876286,0.00016460736319846066
0.00014776710855827571,2.9229345863250855e-05,0.0001490891077022463,0.00016968737023715028,0.00016460736319846066,7.273487855768714e-05
9.531211411955104,1.9519300607155077,9.69531533140115,10.697928452829721,9.984474422666699,4.3355451036082755
0.00018685120420843895,3.3508272070369494e-05,0.00018479605003592214,0.00020252741064921275,0.0001983393970463527,8.41667793881146e-05
3.3508272070369494e-05,6.317352365161351e-06,3.356439126991751e-05,3.731338268523398e-05,3.629770469572434e-05,1.546015875957357e-05
0.00018479605003592214,3.356439126991751e-05,0.0001886976217704353,0.00020447098641750115,0.0001987751222004293,8.454495502163402e-05
0.00020252741064921275,3.731338268523398e-05,0.00020447098641750115,0.00023416434977887706,0.0002176491984281107,9.380207801981513e-05
0.0001983393970463527,3.629770469572434e-05,0.0001987751222004293,0.0002176491984281107,0.0002180526702877111,9.109799440106533e-05
8.41667793881146e-05,1.546015875957357e-05,8.454495502163402e-05,9.380207801981513e-05,9.109799440106533e-05,4.1043987924909895e-05
9.79634905351627,1.910362586285689,9.868568036039937,10.564859314950484,10.239536040108723,4.453834056604146
0.00020181553743073456,3.421968904299893e-05,0.0001938654086148253,0.00020595043856713188,0.0002163342413964842,9.301794582110918e-05
3.421968904299893e-05,6.05901589056074e-06,3.3245814168108465e-05,3.592234230818297e-05,3.7242904546013965e-05,1.6091661266977664e-05
0.0001938654086148253,3.3245814168108465e-05,0.00019143508571075896,0.00020232739435844025,0.00020934950467817266,9.024167769182507e-05
0.00020595043856713188,3.592234230818297e-05,0.00020232739435844025,0.00022364116587826317,0.00022439952251259715,9.732139196268037e-05
0.0002163342413964842,3.7242904546013965e-05,0.00020934950467817266,0.00022439952251259715,0.00024030790576177094,0.00010171915655703099
9.301794582110918e-05,1.6091661266977664e-05,9.024167769182507e-05,9.732139196268037e-05,0.00010171915655703099,4.655262427195992e-05
10.103033661701335,1.88631077578296,10.107582562568181,10.471142104512614,10.531412859248046,4.60965105155783
0.00018643357899053413,2.9752863623563714e-05,0.00017647154846039267,0.00018007542853227303,0.0001972404511449132,8.565291291201057e-05
2.9752863623563714e-05,5.0145850733673546e-06,2.848984589372594e-05,2.9912182485709714e-05,3.2133261013391035e-05,1.3976490308625167e-05
0.00017647154846039267,2.848984589372594e-05,0.00017179194043282064,0.00017331066196612453,0.00018860270451633788,8.183674985897902e-05
0.00018007542853227303,2.9912182485709714e-05,0.00017331066196612453,0.00018733379349089902,0.00019428963286818803,8.491407232770938e-05
0.0001972404511449132,3.2133261013391035e-05,0.00018860270451633788,0.00019428963286818803,0.00021486345852694157,9.253501386309476e-05
8.565291291201057e-05,1.3976490308625167e-05,8.183674985897902e-05,8.491407232770938e-05,9.253501386309476e-05,4.284747172192494e-05
10.28136218060409,1.978653094505142,10.509171948259075,10.466755667185838,10.669923688531744,4.699864654523431
9.066707190626032e-05,1.5626215216973023e-05,8.882263076157597e-05,8.961019999612366e-05,9.573247140890669e-05,4.217416779619978e-05
1.5626215216973023e-05,2.7806722953535912e-06,1.550005103893149e-05,1.5782268895588452e-05,1.669777931880647e-05,7.349999673686309e-06
8.882263076157597e-05,1.550005103893149e-05,8.904317297813336e-05,8.903552582744572e-05,9.477366705065605e-05,4.185769289342157e-05
8.961019999612366e-05,1.5782268895588452e-05,8.903552582744572e-05,9.284362517306043e-05,9.565036156144384e-05,4.235342269431716e-05
9.573247140890669e-05,1.669777931880647e-05,9.477366705065605e-05,9.565036156144384e-05,0.00010340960548895643,4.5087832509249144e-05
4.217416779619978e-05,7.349999673686309e-06,4.185769289342157e-05,4.235342269431716e-05,4.5087832509249144e-05,2.0783285932348495e-05
10.341100482790896,1.9706667664096726,10.508535360701647,10.549845079737434,10.866346120946677,4.854459325285454
0.0003998093306524963,7.15749253434981e-05,0.00038889164078135743,0.00042380955392103603,0.00043300565370516544,0.00019760760318279734
7.15749253434981e-05,1.3168841746397646e-05,7.013487757912451e-05,7.728690291350077e-05,7.862774951717457e-05,3.543896683285604e-05
0.00038889164078135743,7.013487757912451e-05,0.00038494099415571756,0.00041442348500942794,0.00042383933386101936,0.000193489783085635
0.00042380955392103603,7.728690291350077e-05,0.00041442348500942794,0.0004712013410960773,0.00046256146320505895,0.0002109901088043053
0.00043300565370516544,7.862774951717457e-05,0.00042383933386101936,0.00046256146320505895,0.0004827317565297078,0.0002158828000053913
0.00019760760318279734,3.543896683285604e-05,0.000193489783085635,0.0002109901088043053,0.0002158828000053913,0.00010325999032277917
10.812427727755122,1.9962859854748016,10.633616604109452,10.732853373370544,11.211183942797712,4.9004253832884705
0.00034001885953899617,5.828466703212956e-05,0.0003135057837352437,0.00034399027604213643,0.00035773264302284134,0.0001482141896971276
5.828466703212956e-05,1.0259501206025457e-05,5.4076585968173216e-05,5.9962168323076315e-05,6.24280011857499e-05,2.580166445313982e-05
0.0003135057837352437,5.4076585968173216e-05,0.0002966940694606034,0.0003201588359998089,0.00033601228986458883,0.00013993103071554487
0.00034399027604213643,5.9962168323076315e-05,0.0003201588359998089,0.0003625694524527635,0.00036739249161381993,0.00015279378087655339
0.00035773264302284134,6.24280011857499e-05,0.00033601228986458883,0.00036739249161381993,0.0003951977438420433,0.00016098531826069
0.0001482141896971276,2.580166445313982e-05,0.00013993103071554487,0.00015279378087655339,0.00016098531826069,7.02397504616339e-05
10.943035111957553,2.0608511730435186,10.786747331949966,11.0425760977795,11.556632420499586,4.848081791502311
0.0003036936969621549,5.452084189829478e-05,0.0002869249656945845,0.00030824991385840716,0.00032924879222409793,0.00012985005860475312
5.452084189829478e-05,1.0119738676359999e-05,5.206367697781487e-05,5.659704638668536e-05,5.9859776091465694e-05,2.3843760009452865e-05
0.0002869249656945845,5.206367697781487e-05,0.0002767811399627958,0.0002939659832221806,0.00031299122087457914,0.0001244013350952079
0.00030824991385840716,5.659704638668536e-05,0.0002939659832221806,0.000329456567394611,0.0003369648540466352,0.00013606147507586757
0.00032924879222409793,5.9859776091465694e-05,0.00031299122087457914,0.0003369648540466352,0.00036818648683889716,0.00014377102496062163
0.00012985005860475312,2.3843760009452865e-05,0.0001244013350952079,0.00013606147507586757,0.00014377102496062163,6.107097218844173e-05
11.314134043005021,2.1804682072621615,11.356782239205879,11.089153541509512,11.631263245746126,4.9014657749213155
0.00011019254099134758,2.019861923644191e-05,0.00010622491138635029,0.00010656805554721265,0.00011494745384345618,4.661280912612054e-05
2.019861923644191e-05,3.7987428077854436e-06,1.9649640592970722e-05,1.985975748913965e-05,2.1311581589642615e-05,8.670923085057148e-06
0.00010622491138635029,1.9649640592970722e-05,0.0001040800541487652,0.00010393163279470625,0.00011147600783250239,4.534770719215761e-05
0.00010656805554721265,1.985975748913965e-05,0.00010393163279470625,0.00010793323560618492,0.00011196208950802191,4.592805925007084e-05
0.00011494745384345618,2.1311581589642615e-05,0.00011147600783250239,0.00011196208950802191,0.0001233553535264958,4.914173907518019e-05
4.661280912612054e-05,8.670923085057148e-06,4.534770719215761e-05,4.592805925007084e-05,4.914173907518019e-05,2.1036964825098297e-05
11.657383511848401,2.226925990696661,11.588031559114732,11.131944628483776,12.037876890394724,4.9320234731144525
0.0004089632361876304,6.965878141899646e-05,0.00038722516662008377,0.000380558569762453,0.00041490829731755655,0.0001630443114615348
6.965878141899646e-05,1.2469524895918856e-05,6.680785262217916e-05,6.640367050799984e-05,7.275074675302636e-05,2.8975643918270348e-05
0.00038722516662008377,6.680785262217916e-05,0.0003735872254706486,0.00036205721604894354,0.0003974114682433183,0.00015641182420797234
0.000380558569762453,6.640367050799984e-05,0.00036205721604894354,0.0003771273130296052,0.0003939383958321269,0.0001567733057221262
0.00041490829731755655,7.275074675302636e-05,0.0003974114682433183,0.0003939383958321269,0.00044177342840270807,0.00017066637893894962
0.0001630443114615348,2.8975643918270348e-05,0.00015641182420797234,0.0001567733057221262,0.00017066637893894962,7.193880518286792e-05
11.79047362896406,2.3458003245167403,11.873097290237066,11.148165215316519,12.201531205509886,4.96575709524127
0.00014064742647761807,2.555334480129046e-05,0.00013581640162214738,0.00013052305890069705,0.0001473008007871226,5.7144830611875125e-05
2.555334480129046e-05,4.785273078246057e-06,2.482373272262124e-05,2.4089579062294814e-05,2.6997802418252015e-05,1.0601245092036692e-05
0.00013581640162214738,2.482373272262124e-05,0.00013356655077924733,0.00012724412996764457,0.0001431057999794279,5.5529367734128524e-05
0.00013052305890069705,2.4089579062294814e-05,0.00012724412996764457,0.0001266400194926001,0.0001375802416489671,5.394365902470314e-05
0.0001473008007871226,2.6997802418252015e-05,0.0001431057999794279,0.0001375802416489671,0.00015802690222007374,6.0434579213782505e-05
5.7144830611875125e-05,1.0601245092036692e-05,5.5529367734128524e-05,5.394365902470314e-05,6.0434579213782505e-05,2.4672007126853568e-05
11.842209709191703,2.3138916953370177,11.759028447085843,11.189787814136043,12.701471075701557,4.9304562589436545
0.0008783810558875668,0.00016209170740790803,0.0008471239611811304,0.0008303358848017196,0.0009715209034860088,0.0003582919216822555
0.00016209170740790803,3.08585835405482e-05,0.00015810944717838902,0.0001568179559822637,0.00018159455181413606,6.749302613485437e-05
0.0008471239611811304,0.00015810944717838902,0.0008334256505931336,0.0008102280546186814,0.000948171253878959,0.00034790457553673454
0.0008303358848017196,0.0001568179559822637,0.0008102280546186814,0.0008348198576774419,0.0009284402497132467,0.00033952741959217037
0.0009715209034860088,0.00018159455181413606,0.000948171253878959,0.0009284402497132467,0.0011077755412378782,0.0003970559966582866
0.0003582919216822555,6.749302613485437e-05,0.00034790457553673454,0.00033952741959217037,0.0003970559966582866,0.0001613770906891419
12.237891312706278,2.280447737387527,11.90837639147395,10.992430031624446,13.076241791731753,4.841681428684877
0.00052452147593845,8.581487569877755e-05,0.00047921502747719745,0.00044145770720943665,0.000559500284641349,0.00021059233494884116
8.581487569877755e-05,1.4536936662090498e-05,7.916809204763556e-05,7.398377848796513e-05,9.293662638712107e-05,3.481245280563505e-05
0.00047921502747719745,7.916809204763556e-05,0.0004486623505399886,0.00040808024863638525,0.0005164157270784541,0.0001933875634813524
0.00044145770720943665,7.398377848796513e-05,0.00040808024863638525,0.0003991138423877317,0.00047891292986996007,0.00017562569135686992
0.000559500284641349,9.293662638712107e-05,0.0005164157270784541,0.00047891292986996007,0.0006150488099138892,0.00022553631548787728
0.00021059233494884116,3.481245280563505e-05,0.0001933875634813524,0.00017562569135686992,0.00022553631548787728,9.286454970382465e-05
12.370862470386829,2.245251961074893,12.054473475648441,10.772173351575816,13.133029952146837,4.923142484174838
0.0005514884801541886,9.203760518998397e-05,0.0005132639529928521,0.000496040960151048,0.0005992730238216275,0.00023444547389485376
9.203760518998397e-05,1.57665569443012e-05,8.594648008905053e-05,8.444634329441852e-05,0.00010052498119123586,3.962740483230617e-05
0.0005132639529928521,8.594648008905053e-05,0.0004871288058342682,0.0004653847969398984,0.0005592317781312526,0.00022005879723669365
0.000496040960151048,8.444634329441852e-05,0.0004653847969398984,0.00047100296601442225,0.0005442057420147162,0.0002148519350500529
0.0005992730238216275,0.00010052498119123586,0.0005592317781312526,0.0005442057420147162,0.000660704519923972,0.00025501864248082237
0.00023444547389485376,3.962740483230617e-05,0.00022005879723669365,0.0002148519350500529,0.00025501864248082237,0.00010630888509072105
12.518795025137722,2.1666673594188897,11.966537919277036,10.898876650137717,13.343976045120142,5.128311752693954
0.000998427040599217,0.00015504571647431987,0.0009092846994792173,0.000873892606783721,0.0010532168758868377,0.00042280951922967907
0.00015504571647431987,2.480431365403588e-05,0.00014189964892854923,0.00013684013269486537,0.00016493804792561112,6.624180240138944e-05
0.0009092846994792173,0.00014189964892854923,0.0008431163923346845,0.0008033452075089327,0.0009672866521066326,0.0003863204283194863
0.000873892606783721,0.00013684013269486537,0.0008033452075089327,0.0007862162321872201,0.0009274548155893556,0.0003727377849466509
0.0010532168758868377,0.00016493804792561112,0.0009672866521066326,0.0009274548155893556,0.00113432036238519,0.0004471056356506871
0.00042280951922967907,6.624180240138944e-05,0.0003863204283194863,0.0003727377849466509,0.0004471056356506871,0.00018502534107248982
12.913834691631585,2.134250418974473,12.426964274737195,11.054851874446367,13.557508120992654,5.244418273417616
0.0005137883781185238,7.319593678037054e-05,0.0004694231082507834,0.00043915555494715414,0.0005412814016701341,0.00020424208371950901
7.319593678037054e-05,1.0999763904602817e-05,6.772510192587038e-05,6.364749880158884e-05,7.846586928369208e-05,2.9765724224598437e-05
0.0004694231082507834,6.772510192587038e-05,0.00044099963861535545,0.00040827729595999503,0.0005008131168119291,0.00018923656720943054
0.00043915555494715414,6.364749880158884e-05,0.00040827729595999503,0.00039498486175227763,0.0004700115007338865,0.00017696928877982857
0.0005412814016701341,7.846586928369208e-05,0.0005008131168119291,0.0004700115007338865,0.000587807843021919,0.0002177537505785447
0.00020424208371950901,2.9765724224598437e-05,0.00018923656720943054,0.00017696928877982857,0.0002177537505785447,8.543602747472451e-05
13.165007096562901,2.2338851057552214,12.916806770455855,11.09637554098075,13.619314261965343,5.267329655177493
0.00017156583482401188,2.603542130062832e-05,0.0001605750147366894,0.00014377130205923502,0.00017923873787893405,6.775996383050312e-05
2.603542130062832e-05,4.08463806881501e-06,2.4485754112027523e-05,2.2024458138853817e-05,2.752008475378239e-05,1.0410569086765215e-05
0.0001605750147366894,2.4485754112027523e-05,0.00015324297386380865,0.00013550704428596158,0.00016897995171929816,6.392050306136265e-05
0.00014377130205923502,2.2024458138853817e-05,0.00013550704428596158,0.00012479191945685431,0.0001512632838262365,5.733985991521263e-05
0.00017923873787893405,2.752008475378239e-05,0.00016897995171929816,0.0001512632838262365,0.00019139363349859762,7.150828603009523e-05
6.775996383050312e-05,1.0410569086765215e-05,6.392050306136265e-05,5.733985991521263e-05,7.150828603009523e-05,2.792879823875727e-05
13.384498999845553,2.209327379992918,13.002154441149033,11.049248835793323,14.07283738800714,5.3235267157219
0.000926734946417706,0.00013979591529518978,0.0008646141043402334,0.0007395263569095905,0.0009875660501793301,0.0003733148600180821
0.00013979591529518978,2.196992097406226e-05,0.00013102205060813713,0.00011347267253820914,0.00015060082462083952,5.6820116480049735e-05
0.0008646141043402334,0.00013102205060813713,0.0008231315525175833,0.0006948911926770501,0.0009282593829414023,0.0003510596426811864
0.0007395263569095905,0.00011347267253820914,0.0006948911926770501,0.0006184153321423938,0.0007939067708020155,0.0002997956742727319
0.0009875660501793301,0.00015060082462083952,0.0009282593829414023,0.0007939067708020155,0.001075141011693629,0.0003999333778615975
0.0003733148600180821,5.6820116480049735e-05,0.0003510596426811864,0.0002997956742727319,0.0003999333778615975,0.0001580312895846647
13.580718205496735,2.1969967950847002,13.225471238475302,10.902726878191467,14.40910141478712,5.314285505532674
0.00044383342104804986,6.53827934628904e-05,0.0004087568509100283,0.0003527192299091715,0.000474075202097195,0.00017106455833799597
6.53827934628904e-05,1.00845950220849e-05,6.0460607104200226e-05,5.293015290364804e-05,7.077759040061981e-05,2.5474204943664162e-05
0.0004087568509100283,6.0460607104200226e-05,0.00038343027105154463,0.0003264277964910696,0.00043927451418546083,0.0001591552203388243
0.0003527192299091715,5.293015290364804e-05,0.0003264277964910696,0.0002952304276687569,0.0003804996918944589,0.00013707081838320437
