2.2442536287793997,0.4470157074864822,2.4623399844960137,10.059999509671595,2.967746192608913,3.3944667301659646
0.007078298826531077,0.0005265098544230477,0.005984109896256645,0.015683501460699665,0.005371359656776732,0.006537464864070852
0.0005265098544230477,0.0004117557982335016,0.0009599394090182722,0.0031900442660291795,0.0014769149475674513,0.001662300652695445
0.005984109896256645,0.0009599394090182722,0.006189591077635595,0.019526691996053183,0.006753711556039578,0.008173292534492949
0.015683501460699665,0.0031900442660291795,0.019526691996053183,0.10313910910835829,0.026210940109074935,0.03034404514057102
0.005371359656776732,0.0014769149475674513,0.006753711556039578,0.026210940109074935,0.009611160007410129,0.01043317879517911
0.006537464864070852,0.001662300652695445,0.008173292534492949,0.03034404514057102,0.01043317879517911,0.01327873559386556
2.9330585503623583,0.47164807455236785,3.0692235054114434,10.047976613851803,3.04370669396035,3.467249812069771
8.541413397483988e-06,1.1736710457940379e-06,8.430371548779139e-06,2.649168782776539e-05,8.503286061028175e-06,8.994898385301315e-06
1.1736710457940379e-06,2.9405100819297525e-07,1.2210722565566633e-06,4.046598978978562e-06,1.2591711658754558e-06,1.5702954052138131e-06
8.430371548779139e-06,1.2210722565566633e-06,8.528696669191442e-06,2.702802462206173e-05,8.505692187009068e-06,9.309648223418468e-06
2.649168782776539e-05,4.046598978978562e-06,2.702802462206173e-05,9.778363722548353e-05,2.7315715311806578e-05,3.1412859508806796e-05
8.503286061028175e-06,1.2591711658754558e-06,8.505692187009068e-06,2.7315715311806578e-05,8.693203794722693e-06,9.403067800343784e-06
8.994898385301315e-06,1.5702954052138131e-06,9.309648223418468e-06,3.1412859508806796e-05,9.403067800343784e-06,1.160712078530998e-05
3.200597749554129,0.5213932503076512,3.382010638069604,10.483048066365402,3.2245729848000204,3.490715260346321
2.7001226060030075e-05,3.489030399109695e-06,2.7151268086650526e-05,8.023392250633837e-05,2.5717296775296684e-05,2.4378923159072097e-05
3.489030399109695e-06,8.009730508831601e-07,3.668560688089876e-06,1.2131504509268675e-05,3.5404027265405637e-06,4.040893712631381e-06
2.7151268086650526e-05,3.668560688089876e-06,2.7927322452983167e-05,8.430202232974962e-05,2.6290987995918985e-05,2.5663522587482136e-05
8.023392250633837e-05,1.2131504509268675e-05,8.430202232974962e-05,0.0002970265987542989,8.056106556453751e-05,8.498866492358667e-05
2.5717296775296684e-05,3.5404027265405637e-06,2.6290987995918985e-05,8.056106556453751e-05,2.5698280447003667e-05,2.444314605792492e-05
2.4378923159072097e-05,4.040893712631381e-06,2.5663522587482136e-05,8.498866492358667e-05,2.444314605792492e-05,2.8383201581930235e-05
3.5610270202176557,0.5713791177534905,3.723182804003349,10.619357180013344,3.5640178223404555,3.5608971034912735
8.08118431313336e-06,1.1384297783128243e-06,8.247808642930992e-06,2.2767640798812227e-05,7.884710744971921e-06,7.197886127202467e-06
1.1384297783128243e-06,2.1514363863544366e-07,1.192678501290365e-06,3.5308976176668374e-06,1.1381223322429033e-06,1.162930255390713e-06
8.247808642930992e-06,1.192678501290365e-06,8.52915793193065e-06,2.383518522030853e-05,8.096958768593663e-06,7.537165747062497e-06
2.2767640798812227e-05,3.5308976176668374e-06,2.383518522030853e-05,7.438695973458197e-05,2.2750149681744173e-05,2.241929030399165e-05
7.884710744971921e-06,1.1381223322429033e-06,8.096958768593663e-06,2.2750149681744173e-05,7.88384035657472e-06,7.1906928252924036e-06
7.197886127202467e-06,1.162930255390713e-06,7.537165747062497e-06,2.241929030399165e-05,7.1906928252924036e-06,7.605616741100655e-06
3.6946596972714714,0.6304667286044986,3.8702937309130188,10.72763343002145,3.7265202641824895,3.6059778663199737
1.2903233363471943e-05,2.0011301858213135e-06,1.3351189555532611e-05,3.577550936417264e-05,1.283068081528595e-05,1.1719575900657982e-05
2.0011301858213135e-06,3.8776534348704805e-07,2.115547750210106e-06,6.118840304774854e-06,2.034233522843377e-06,2.0269438300245987e-06
1.3351189555532611e-05,2.115547750210106e-06,1.3952861592172707e-05,3.781214758019384e-05,1.3338701325771414e-05,1.2360146793829483e-05
3.577550936417264e-05,6.118840304774854e-06,3.781214758019384e-05,0.0001135144175324477,3.6217066075153645e-05,3.551610185740092e-05
1.283068081528595e-05,2.034233522843377e-06,1.3338701325771414e-05,3.6217066075153645e-05,1.2997338427861162e-05,1.1830933037243338e-05
1.1719575900657982e-05,2.0269438300245987e-06,1.2360146793829483e-05,3.551610185740092e-05,1.1830933037243338e-05,1.2247074967896343e-05
4.1146070649152655,0.6902326427668016,4.210632460471637,10.862309056768812,4.084600173840662,3.6292313236752536
4.0619782105831614e-05,6.009678079293335e-06,4.1521516970989405e-05,9.661938282009738e-05,3.943311080683166e-05,3.301218141875276e-05
6.009678079293335e-06,1.106753312985968e-06,6.241261407518583e-06,1.5735741708768074e-05,5.989750483243708e-06,5.318895230072515e-06
4.1521516970989405e-05,6.241261407518583e-06,4.32364720925882e-05,9.995316140315503e-05,4.041066223040706e-05,3.4348660673549916e-05
9.661938282009738e-05,1.5735741708768074e-05,9.995316140315503e-05,0.00026037852358082206,9.557386671606558e-05,8.455987613063579e-05
3.943311080683166e-05,5.989750483243708e-06,4.041066223040706e-05,9.557386671606558e-05,3.9411565791049956e-05,3.2460665927998526e-05
3.301218141875276e-05,5.318895230072515e-06,3.4348660673549916e-05,8.455987613063579e-05,3.2460665927998526e-05,3.0886666650375455e-05
4.355345759641368,0.7516954859133393,4.466170066163819,10.83383611465235,4.350042463481864,3.673750646221188
1.1844312400819073e-05,1.8702355124784205e-06,1.1954899122773545e-05,2.743027863256818e-05,1.1687159084010468e-05,9.468429136997952e-06
1.8702355124784205e-06,3.4217912735635213e-07,1.9083456613053227e-06,4.651228241982259e-06,1.8623184496999396e-06,1.5967339132491499e-06
1.1954899122773545e-05,1.9083456613053227e-06,1.2272958553871416e-05,2.8082031927119985e-05,1.1833916825273505e-05,9.687391907764685e-06
2.743027863256818e-05,4.651228241982259e-06,2.8082031927119985e-05,7.112648189573189e-05,2.7371014835250578e-05,2.3699673914015478e-05
1.1687159084010468e-05,1.8623184496999396e-06,1.1833916825273505e-05,2.7371014835250578e-05,1.1717961262290098e-05,9.471612491042112e-06
9.468429136997952e-06,1.5967339132491499e-06,9.687391907764685e-06,2.3699673914015478e-05,9.471612491042112e-06,8.630789961905833e-06
4.624956605023134,0.8205991957824854,4.742627157023296,10.828033777470134,4.6246679006151,3.735979285301708
1.888875142391703e-05,3.055191422544972e-06,1.9076818720219348e-05,4.168563697037755e-05,1.863868887694793e-05,1.4428850332177851e-05
3.055191422544972e-06,5.610104994079721e-07,3.1317898846156316e-06,7.186675428721225e-06,3.062240218668826e-06,2.473548702560119e-06
1.9076818720219348e-05,3.1317898846156316e-06,1.9516591866149794e-05,4.258063344143974e-05,1.8883619709382384e-05,1.4745239432064477e-05
4.168563697037755e-05,7.186675428721225e-06,4.258063344143974e-05,0.00010091082473652142,4.174206041196351e-05,3.3743953677819473e-05
1.863868887694793e-05,3.062240218668826e-06,1.8883619709382384e-05,4.174206041196351e-05,1.8857008495470402e-05,1.442894380473662e-05
1.4428850332177851e-05,2.473548702560119e-06,1.4745239432064477e-05,3.3743953677819473e-05,1.442894380473662e-05,1.2391296258819943e-05
4.8060343427958685,0.8739426158875486,4.965014025930257,10.840137868042534,4.86957589458099,3.777807819428763
3.903644688840821e-05,6.5309669301949666e-06,3.98614967899105e-05,8.494467028653483e-05,3.923077561100852e-05,2.9834491489486573e-05
6.5309669301949666e-06,1.2978768275872005e-06,6.8565517237820715e-06,1.5773162305229108e-05,6.792390861932232e-06,5.413926427920316e-06
3.98614967899105e-05,6.8565517237820715e-06,4.1725063767091696e-05,8.950641733823893e-05,4.060350340384634e-05,3.128031471467406e-05
8.494467028653483e-05,1.5773162305229108e-05,8.950641733823893e-05,0.00022176375271467776,8.922253303812923e-05,7.286386768885232e-05
3.923077561100852e-05,6.792390861932232e-06,4.060350340384634e-05,8.922253303812923e-05,4.1367789948087214e-05,3.113140327855377e-05
2.9834491489486573e-05,5.413926427920316e-06,3.128031471467406e-05,7.286386768885232e-05,3.113140327855377e-05,2.728357197454261e-05
5.118589681666531,0.945401611511191,5.2870888309895365,10.859499033044562,5.145092764696413,3.82607595175953
1.635602895561685e-05,2.598231808148157e-06,1.6222657059705437e-05,3.282125961625767e-05,1.5974742466918865e-05,1.155740790700888e-05
2.598231808148157e-06,4.840473660971356e-07,2.650629226815124e-06,5.647865844551375e-06,2.6111639292891186e-06,1.9626912074960524e-06
1.6222657059705437e-05,2.650629226815124e-06,1.6389332686725118e-05,3.324741779871848e-05,1.6003122281802796e-05,1.1709864956944846e-05
3.282125961625767e-05,5.647865844551375e-06,3.324741779871848e-05,7.381979101357673e-05,3.276084636633528e-05,2.4957680412408635e-05
1.5974742466918865e-05,2.6111639292891186e-06,1.6003122281802796e-05,3.276084636633528e-05,1.613613034139581e-05,1.1515095987753567e-05
1.155740790700888e-05,1.9626912074960524e-06,1.1709864956944846e-05,2.4957680412408635e-05,1.1515095987753567e-05,9.328129296155821e-06
5.454353488346076,1.017972646711712,5.642285217638963,10.861671758369136,5.464624112820435,3.8739472727970763
2.7597118699921647e-05,4.517974154818161e-06,2.7963421774009574e-05,5.276716475644002e-05,2.7366950934907e-05,1.8645923988174664e-05
4.517974154818161e-06,8.185058482329193e-07,4.641748818592731e-06,9.113514884195949e-06,4.535331477385001e-06,3.1857953312168563e-06
2.7963421774009574e-05,4.641748818592731e-06,2.874314698324259e-05,5.4350485101369156e-05,2.7946826768524017e-05,1.9142359955383548e-05
5.276716475644002e-05,9.113514884195949e-06,5.4350485101369156e-05,0.00011015857954952866,5.309414253501861e-05,3.7727224926065694e-05
2.7366950934907e-05,4.535331477385001e-06,2.7946826768524017e-05,5.309414253501861e-05,2.7626595208884048e-05,1.8748594913579493e-05
1.8645923988174664e-05,3.1857953312168563e-06,1.9142359955383548e-05,3.7727224926065694e-05,1.8748594913579493e-05,1.3960071482979262e-05
5.6794687512885345,1.042433399644228,5.900144755036366,10.865263399147645,5.758821067322099,3.9027526801783474
0.00010185146370038471,1.568639821525994e-05,0.0001029154343140861,0.00018245907900764068,0.00010017487857244024,6.610035429859412e-05
1.568639821525994e-05,2.7479225372053186e-06,1.6245459381878777e-05,3.015387663166271e-05,1.5867646784757008e-05,1.085277576252529e-05
0.0001029154343140861,1.6245459381878777e-05,0.00010589535423821328,0.0001885736435940258,0.00010214667315417564,6.816856020977594e-05
0.00018245907900764068,3.015387663166271e-05,0.0001885736435940258,0.00036151288118308107,0.000184441813198214,0.00012580749071294112
0.00010017487857244024,1.5867646784757008e-05,0.00010214667315417564,0.000184441813198214,0.00010218364431829588,6.615873983584211e-05
6.610035429859412e-05,1.085277576252529e-05,6.816856020977594e-05,0.00012580749071294112,6.615873983584211e-05,4.834651587372891e-05
5.932008919144941,1.1174906154100908,6.207456073580921,10.905612609019538,6.008027123750426,3.9471601151563123
2.9360444098554036e-05,4.859733303107594e-06,3.0163237863615458e-05,5.280408556381147e-05,2.9346780850903458e-05,1.918885752946141e-05
4.859733303107594e-06,8.738070451094073e-07,5.078833239762815e-06,9.142319702127122e-06,4.9560485488879616e-06,3.287093071834745e-06
3.0163237863615458e-05,5.078833239762815e-06,3.153132299824021e-05,5.515314344006547e-05,3.042950403697429e-05,1.9953962046818423e-05
5.280408556381147e-05,9.142319702127122e-06,5.515314344006547e-05,0.00010310230460576227,5.3939700932752236e-05,3.566761708440793e-05
2.9346780850903458e-05,4.9560485488879616e-06,3.042950403697429e-05,5.3939700932752236e-05,3.0499212602589898e-05,1.9570608149977013e-05
1.918885752946141e-05,3.287093071834745e-06,1.9953962046818423e-05,3.566761708440793e-05,1.9570608149977013e-05,1.3695005410748313e-05
6.221539890423263,1.133743135096326,6.453683751775026,10.721114801724868,6.2609819619749185,3.9633244324492374
0.00012016485519489867,1.902434673332329e-05,0.00011982916755728067,0.00019419355723469605,0.00011737026677118328,7.102651993169738e-05
1.902434673332329e-05,3.262452235396297e-06,1.9413055842677046e-05,3.239867587538978e-05,1.8981982768846442e-05,1.1944598301412944e-05
0.00011982916755728067,1.9413055842677046e-05,0.00012190476234028506,0.0001976270161730483,0.00011834973593074031,7.285050938893808e-05
0.00019419355723469605,3.239867587538978e-05,0.0001976270161730483,0.000344898332712859,0.00019361798897353353,0.0001231567112995194
0.00011737026677118328,1.8981982768846442e-05,0.00011834973593074031,0.00019361798897353353,0.00011952477869829918,7.176192594951122e-05
7.102651993169738e-05,1.1944598301412944e-05,7.285050938893808e-05,0.0001231567112995194,7.176192594951122e-05,4.852317393322461e-05
6.51175944526331,1.2205069171152636,6.807226323482474,10.747158807745564,6.6032921498837975,3.9815450898236695
3.683922212878027e-05,6.184085246601674e-06,3.7280160689710936e-05,5.8730882952838483e-05,3.645710162003886e-05,2.156625063615963e-05
6.184085246601674e-06,1.1105812291267822e-06,6.387898118922272e-06,1.0349254608240556e-05,6.268850140163511e-06,3.74623021562383e-06
3.7280160689710936e-05,6.387898118922272e-06,3.834233362937371e-05,6.0530821522979504e-05,3.730479596224069e-05,2.211855412746376e-05
5.8730882952838483e-05,1.0349254608240556e-05,6.0530821522979504e-05,0.00010139053800126897,5.947833165670084e-05,3.572530084637878e-05
3.645710162003886e-05,6.268850140163511e-06,3.730479596224069e-05,5.947833165670084e-05,3.7397855277710255e-05,2.169004757120143e-05
2.156625063615963e-05,3.74623021562383e-06,2.211855412746376e-05,3.572530084637878e-05,2.169004757120143e-05,1.3699843259713412e-05
6.696430269238426,1.2640089406762824,6.9541056818090095,10.708043539497002,6.942262680914037,3.93300112475787
0.00011645590382495182,2.0156565473608115e-05,0.00011632005799367838,0.00018051766311312273,0.00012334451906313644,6.347739814313728e-05
2.0156565473608115e-05,3.756212647359582e-06,2.0589814816485465e-05,3.263377372871833e-05,2.192137303061199e-05,1.1489043947644031e-05
0.00011632005799367838,2.0589814816485465e-05,0.00011960726138338307,0.000183883950762356,0.00012483791198706436,6.509771328553733e-05
0.00018051766311312273,3.263377372871833e-05,0.000183883950762356,0.0003020457348367087,0.00019644020873882062,0.00010213877011451582
0.00012334451906313644,2.192137303061199e-05,0.00012483791198706436,0.00019644020873882062,0.0001379366337393571,6.914123846039186e-05
6.347739814313728e-05,1.1489043947644031e-05,6.509771328553733e-05,0.00010213877011451582,6.914123846039186e-05,3.916836585654026e-05
6.974806521379483,1.3599198724512997,7.260258754388459,10.724636054927364,7.179529437675332,3.983010149701899
3.573033693278357e-05,6.438206549439165e-06,3.5844489133418506e-05,5.353275597419252e-05,3.711751842687979e-05,1.945073978934991e-05
6.438206549439165e-06,1.228768337527946e-06,6.5485348124281325e-06,1.0026635581054445e-05,6.808742541953861e-06,3.62335304706785e-06
3.5844489133418506e-05,6.5485348124281325e-06,3.661981333029068e-05,5.4493826543733225e-05,3.750435394150069e-05,1.9795285804875937e-05
5.353275597419252e-05,1.0026635581054445e-05,5.4493826543733225e-05,8.583989206787096e-05,5.674218593828869e-05,3.013092385236271e-05
3.711751842687979e-05,6.808742541953861e-06,3.750435394150069e-05,5.674218593828869e-05,3.955624594352422e-05,2.057050883593127e-05
1.945073978934991e-05,3.62335304706785e-06,1.9795285804875937e-05,3.013092385236271e-05,2.057050883593127e-05,1.1612874925902322e-05
7.3128364028159485,1.404126605480029,7.5425515984433655,10.919181925175245,7.580621717880892,3.9388155555206983
0.00012577941891916852,2.1552242911571147e-05,0.00012327770002132135,0.00018555461202678184,0.0001303668164950048,6.235939286196968e-05
2.1552242911571147e-05,4.002780548575752e-06,2.1658945294284033e-05,3.338842044407649e-05,2.299891162480319e-05,1.123161795817425e-05
0.00012327770002132135,2.1658945294284033e-05,0.0001240439977394618,0.0001862029175394383,0.00012957718063564302,6.250461909708333e-05
0.00018555461202678184,3.338842044407649e-05,0.0001862029175394383,0.0002948978972200686,0.00019724676383900015,9.580731709155217e-05
0.0001303668164950048,2.299891162480319e-05,0.00012957718063564302,0.00019724676383900015,0.00014163178940958807,6.62759291164545e-05
6.235939286196968e-05,1.123161795817425e-05,6.250461909708333e-05,9.580731709155217e-05,6.62759291164545e-05,3.4906729861824265e-05
7.455131887085459,1.5010281087654895,7.85755712989787,10.941485545728968,7.71794505216783,3.961879181229156
4.532861828212322e-05,8.337832398835981e-06,4.61976371168719e-05,6.614534328272157e-05,4.739844856328176e-05,2.2902219471746666e-05
8.337832398835981e-06,1.6301274353268458e-06,8.673986335087617e-06,1.2675534402284155e-05,8.929531842408078e-06,4.393361791717157e-06
4.61976371168719e-05,8.673986335087617e-06,4.8118274645909445e-05,6.885447925088353e-05,4.8900464590969445e-05,2.3765899112721135e-05
6.614534328272157e-05,1.2675534402284155e-05,6.885447925088353e-05,0.00010368463950206642,7.047706961748961e-05,3.46016039682491e-05
4.739844856328176e-05,8.929531842408078e-06,4.8900464590969445e-05,7.047706961748961e-05,5.1377188560168455e-05,2.4425809463075674e-05
2.2902219471746666e-05,4.393361791717157e-06,2.3765899112721135e-05,3.46016039682491e-05,2.4425809463075674e-05,1.2795397800642345e-05
7.69552242879336,1.524913360781191,8.019154605591202,10.873442473967726,8.018088408763267,3.8976351371659983
0.00017535316685735134,3.147660935103469e-05,0.00017729374350067539,0.0002439087090581705,0.00018523151737518135,8.493087995777204e-05
3.147660935103469e-05,6.029998243669309e-06,3.2233996275376936e-05,4.5134164597970045e-05,3.4095454170549494e-05,1.5559837744138435e-05
0.00017729374350067539,3.2233996275376936e-05,0.0001829235477653765,0.0002513417223464081,0.00018931511364087594,8.71813825034146e-05
0.0002439087090581705,4.5134164597970045e-05,0.0002513417223464081,0.00036710039336062373,0.00026364064164021957,0.0001214834626088865
0.00018523151737518135,3.4095454170549494e-05,0.00018931511364087594,0.00026364064164021957,0.00020451370421269304,9.079452309430807e-05
8.493087995777204e-05,1.5559837744138435e-05,8.71813825034146e-05,0.0001214834626088865,9.079452309430807e-05,4.543992554016545e-05
8.082639459767243,1.6198939576662645,8.416481633495554,10.89105437610683,8.262384616911469,3.9559741544476714
5.821470189746772e-05,1.055569625053588e-05,5.8398438901769616e-05,7.771900939480731e-05,6.0135588817457384e-05,2.721886816237543e-05
1.055569625053588e-05,2.0003823974466065e-06,1.072760498772302e-05,1.443042011586049e-05,1.1098858750521957e-05,5.052348245187661e-06
5.8398438901769616e-05,1.072760498772302e-05,5.9734509027472145e-05,7.921117703638072e-05,6.082024255982374e-05,2.779437340850337e-05
7.771900939480731e-05,1.443042011586049e-05,7.921117703638072e-05,0.00011074961174257159,8.164967415704249e-05,3.736226155002927e-05
6.0135588817457384e-05,1.1098858750521957e-05,6.082024255982374e-05,8.164967415704249e-05,6.423375529324613e-05,2.8498758794330392e-05
2.721886816237543e-05,5.052348245187661e-06,2.779437340850337e-05,3.736226155002927e-05,2.8498758794330392e-05,1.3938424383611687e-05
8.255796077088036,1.6383451570008012,8.527175210277457,10.875050642686023,8.502124047178317,3.8930400119134756
0.00025234923193276446,4.409066939095492e-05,0.00024764729025896474,0.00031409354555895065,0.0002510086111286988,0.00011296789843644555
4.409066939095492e-05,8.150920391272323e-06,4.38871785890638e-05,5.657996764944808e-05,4.5253070428886215e-05,2.0278733849028692e-05
0.00024764729025896474,4.38871785890638e-05,0.00024760337127241753,0.0003159536718262173,0.00024969583462316363,0.00011289088629201307
0.00031409354555895065,5.657996764944808e-05,0.0003159536718262173,0.00042839300643539345,0.0003213389112958469,0.0001458514298985053
0.0002510086111286988,4.5253070428886215e-05,0.00024969583462316363,0.0003213389112958469,0.0002609838503330707,0.00011534891579386684
0.00011296789843644555,2.0278733849028692e-05,0.00011289088629201307,0.0001458514298985053,0.00011534891579386684,5.5268585419579234e-05
8.525857074743097,1.6633133513575282,8.79183704349889,10.87570320808557,8.651568141530118,3.948317037152817
0.00015233114579392876,2.614984404231805e-05,0.00015173539620184283,0.00018862027133654288,0.0001505125143679608,7.077438634499754e-05
2.614984404231805e-05,4.6932992289696475e-06,2.6376891334401815e-05,3.292034272899906e-05,2.6299204816460843e-05,1.2422185701805989e-05
0.00015173539620184283,2.6376891334401815e-05,0.0001545317438851739,0.00019167740906937233,0.00015144836528276898,7.170291975316424e-05
0.00018862027133654288,3.292034272899906e-05,0.00019167740906937233,0.0002525881693238395,0.00019041709780194622,9.041236326581829e-05
0.0001505125143679608,2.6299204816460843e-05,0.00015144836528276898,0.00019041709780194622,0.0001537697253488649,7.105083268175137e-05
7.077438634499754e-05,1.2422185701805989e-05,7.170291975316424e-05,9.041236326581829e-05,7.105083268175137e-05,3.538240665766834e-05
8.803772429479125,1.7622864236078735,9.205522953443658,10.898521191398872,8.961772077337386,4.047723876689757
7.056910694089834e-05,1.2883239927290307e-05,7.21279546247007e-05,8.897308202830426e-05,7.20665419715832e-05,3.35941397667738e-05
1.2883239927290307e-05,2.4320305754363217e-06,1.3316663529124045e-05,1.6483456911905617e-05,1.3370807130708891e-05,6.26097645561268e-06
7.21279546247007e-05,1.3316663529124045e-05,7.486414133229163e-05,9.212649765037479e-05,7.435762179958188e-05,3.4780092518543806e-05
8.897308202830426e-05,1.6483456911905617e-05,9.212649765037479e-05,0.0001187211421803214,9.247273961122175e-05,4.343003591959754e-05
7.20665419715832e-05,1.3370807130708891e-05,7.435762179958188e-05,9.247273961122175e-05,7.58731437006549e-05,3.487039862308196e-05
3.35941397667738e-05,6.26097645561268e-06,3.4780092518543806e-05,4.343003591959754e-05,3.487039862308196e-05,1.69989387541058e-05
8.989789331359292,1.7980491221544226,9.36590913806037,11.015153601099264,9.410735100651863,4.267940152675126
0.00040744914135497026,7.591446727907537e-05,0.0004087611521784265,0.00048572632399352837,0.0004328140101983245,0.00020156162362812866
7.591446727907537e-05,1.4553060146461274e-05,7.695428906414855e-05,9.244311610213581e-05,8.192597530055593e-05,3.830127647168519e-05
0.0004087611521784265,7.695428906414855e-05,0.0004163314684457534,0.0004961053790761443,0.00043908145355483325,0.00020508106226232588
0.00048572632399352837,9.244311610213581e-05,0.0004961053790761443,0.0006183715013020842,0.0005236617911059744,0.00024649152785506456
0.0004328140101983245,8.192597530055593e-05,0.00043908145355483325,0.0005236617911059744,0.0004760583167900796,0.00021719955567374273
0.00020156162362812866,3.830127647168519e-05,0.00020508106226232588,0.00024649152785506456,0.00021719955567374273,0.00010564787968641587
9.237733987501475,1.831076326650875,9.385666833927989,10.758627680047907,9.690543466302943,4.4240560403970886
0.00028432534459884646,5.27655239166831e-05,0.0002748723255300696,0.00031823280552672876,0.00029746031833444554,0.00013657085082145295
5.27655239166831e-05,1.0195390299151954e-05,5.202009585496573e-05,6.103635384741193e-05,5.6638634168599316e-05,2.6104997293488985e-05
0.0002748723255300696,5.202009585496573e-05,0.0002724731919325804,0.00031410985634625635,0.0002921082953076065,0.000134194165699455
0.00031823280552672876,6.103635384741193e-05,0.00031410985634625635,0.0003901686688717813,0.00034224745503777987,0.00015943448441611472
0.00029746031833444554,5.6638634168599316e-05,0.0002921082953076065,0.00034224745503777987,0.0003236959567586624,0.00014613031298945712
0.00013657085082145295,2.6104997293488985e-05,0.000134194165699455,0.00015943448441611472,0.00014613031298945712,7.039800151379657e-05
9.63166922569179,1.8721196870981123,9.526716070714647,10.799772333977057,9.971815053357151,4.482545176726849
0.00018759229918183473,3.27678502034089e-05,0.00017194766878397415,0.00020645019778632197,0.0001935196746219449,8.270507668697996e-05
3.27678502034089e-05,5.97385110458514e-06,3.054586984147041e-05,3.713941299462098e-05,3.456992199053785e-05,1.4848205840200058e-05
0.00017194766878397415,3.054586984147041e-05,0.00016327640118653255,0.00019340014949843215,0.00017993493746309205,7.734958154449323e-05
0.00020645019778632197,3.713941299462098e-05,0.00019340014949843215,0.00024703170977142283,0.00021843373521945333,9.41700801989922e-05
0.0001935196746219449,3.456992199053785e-05,0.00017993493746309205,0.00021843373521945333,0.0002077479181752426,8.681901903915362e-05
8.270507668697996e-05,1.4848205840200058e-05,7.734958154449323e-05,9.41700801989922e-05,8.681901903915362e-05,3.9393300550567636e-05
9.86511716298085,1.9689046063580695,10.075587359701629,10.937129537772265,10.246636636953646,4.5306841806620115
9.173091036130976e-05,1.6930960611332475e-05,9.030602270491304e-05,0.00010364861367955615,9.684117122530293e-05,4.108283287483661e-05
1.6930960611332475e-05,3.224746655059093e-06,1.6826535223546243e-05,1.9457646332408462e-05,1.816342865576775e-05,7.724753495521305e-06
9.030602270491304e-05,1.6826535223546243e-05,9.0753755606618e-05,0.0001033491721006672,9.640471343145666e-05,4.0843329042277456e-05
0.00010364861367955615,1.9457646332408462e-05,0.0001033491721006672,0.00012260304511080774,0.00011119764140312148,4.726759053092887e-05
9.684117122530293e-05,1.816342865576775e-05,9.640471343145666e-05,0.00011119764140312148,0.00010556906078213313,4.3884658795331515e-05
4.108283287483661e-05,7.724753495521305e-06,4.0843329042277456e-05,4.726759053092887e-05,4.3884658795331515e-05,1.9437131654293208e-05
10.160291007644727,1.9765199812639287,10.192912162736075,10.970408033334826,10.584258804294588,4.508777916280874
0.0005260230774357078,9.094845279449814e-05,0.0004926552720015352,0.0005522790688126214,0.0005397888215469657,0.00022258945222979965
9.094845279449814e-05,1.6418836144553292e-05,8.649195327714174e-05,9.70525551352308e-05,9.51378670585341e-05,3.914875350889695e-05
0.0004926552720015352,8.649195327714174e-05,0.0004769391320667285,0.0005268925338494832,0.000512804192459072,0.00021069802058921286
0.0005522790688126214,9.70525551352308e-05,0.0005268925338494832,0.0006167758303150784,0.000575695536260498,0.00023818549176360157
0.0005397888215469657,9.51378670585341e-05,0.000512804192459072,0.000575695536260498,0.000580327236203857,0.00023314009968285491
0.00022258945222979965,3.914875350889695e-05,0.00021069802058921286,0.00023818549176360157,0.00023314009968285491,0.00010066993982254275
10.213573469274232,1.9832953233005868,10.3484723501934,11.11254906146392,10.844798041022587,4.548853423616679
0.00023644214503273537,4.144622574749177e-05,0.0002272018386476482,0.00026006874645725166,0.00025659380265527135,0.00010423610109987037
4.144622574749177e-05,7.67446693694943e-06,4.052374761685816e-05,4.618418050316742e-05,4.6200330689619607e-05,1.86749060411841e-05
0.0002272018386476482,4.052374761685816e-05,0.00022505257091602046,0.0002527728680991039,0.0002507205476763575,0.00010217478194634025
0.00026006874645725166,4.618418050316742e-05,0.0002527728680991039,0.00030297011717346907,0.0002852565013802606,0.00011713444952827132
0.00025659380265527135,4.6200330689619607e-05,0.0002507205476763575,0.0002852565013802606,0.00029286823248899854,0.00011664052937504541
0.00010423610109987037,1.86749060411841e-05,0.00010217478194634025,0.00011713444952827132,0.00011664052937504541,4.960629855707148e-05
10.559713429567445,2.082879189987313,10.798068570676676,11.092079616612969,11.072805761006045,4.64434939384661
0.00011131123839434274,2.0035570617224465e-05,0.00010866674458811924,0.00011729705839507844,0.00011960102939620312,4.9229650368457994e-05
2.0035570617224465e-05,3.733881836202566e-06,1.9755226123769455e-05,2.135840629932406e-05,2.185200311198675e-05,8.999064764951712e-06
0.00010866674458811924,1.9755226123769455e-05,0.00010851018037687276,0.00011592081729813061,0.0001178128351486349,4.8754278081690095e-05
0.00011729705839507844,2.135840629932406e-05,0.00011592081729813061,0.00012956051687663375,0.0001274414358400216,5.296683065149191e-05
0.00011960102939620312,2.185200311198675e-05,0.0001178128351486349,0.0001274414358400216,0.0001332107962870592,5.3742401382880446e-05
4.9229650368457994e-05,8.999064764951712e-06,4.8754278081690095e-05,5.296683065149191e-05,5.3742401382880446e-05,2.3143458046202667e-05
10.88818628485835,2.0649454461712233,10.9028620185602,11.19806324333633,11.42057027872448,4.745125169179707
0.0007460054809097223,0.00012685271210257816,0.0007099349106606933,0.0007471052086620479,0.0007830942477210058,0.000322735520490716
0.00012685271210257816,2.245495817723333e-05,0.00012208301476071301,0.00012920011542959803,0.00013588818289220743,5.573689274808952e-05
0.0007099349106606933,0.00012208301476071301,0.0006911150455906586,0.0007215740098226534,0.0007571069716901155,0.0003125595371921203
0.0007471052086620479,0.00012920011542959803,0.0007215740098226534,0.0007825903999013447,0.0007983275410808065,0.0003309569482876928
0.0007830942477210058,0.00013588818289220743,0.0007571069716901155,0.0007983275410808065,0.0008552005795661034,0.00034712694188398927
0.000322735520490716,5.573689274808952e-05,0.0003125595371921203,0.0003309569482876928,0.00034712694188398927,0.0001480262469420642
10.996736219185367,2.0661616520976804,11.026196447735693,11.240864961807334,11.838876239689627,4.8584313259893435
0.00030501445066590655,5.260776053425942e-05,0.0002969253522908041,0.00031437837623830335,0.0003456595386281419,0.00014040743827203333
5.260776053425942e-05,9.58407368314851e-06,5.2324787416449226e-05,5.601089351634374e-05,6.170315259866153e-05,2.517499559393065e-05
0.0002969253522908041,5.2324787416449226e-05,0.0002971606255747773,0.000311778009795449,0.00034356913838933174,0.00014004346796904932
0.00031437837623830335,5.601089351634374e-05,0.000311778009795449,0.0003434145880288692,0.0003650405725818447,0.00014895271644851924
0.0003456595386281419,6.170315259866153e-05,0.00034356913838933174,0.0003650405725818447,0.00041764816179296066,0.00016464386045692862
0.00014040743827203333,2.517499559393065e-05,0.00014004346796904932,0.00014895271644851924,0.00016464386045692862,6.964170982641122e-05
11.153175545078732,2.0949325047250587,11.202951918897329,11.245083346444586,12.173089177985608,4.920194286808213
0.0002467244796495182,4.325800224578715e-05,0.00023360230918907724,0.00024571902832067863,0.0002722818572006106,0.0001100998629392074
4.325800224578715e-05,7.836205686178663e-06,4.150348850363222e-05,4.376247118765555e-05,4.861100362797607e-05,1.972325100338818e-05
0.00023360230918907724,4.150348850363222e-05,0.00022876282736109937,0.00023626683406821055,0.0002619576070462676,0.00010574732344547563
0.00024571902832067863,4.376247118765555e-05,0.00023626683406821055,0.00025545227095186856,0.00027392896882895537,0.00011122497341118447
0.0002722818572006106,4.861100362797607e-05,0.0002619576070462676,0.00027392896882895537,0.00031524343645011237,0.00012336868172567393
0.0001100998629392074,1.972325100338818e-05,0.00010574732344547563,0.00011122497341118447,0.00012336868172567393,5.2216681298484476e-05
11.513773586980616,2.2073714840736445,11.588040936308136,11.223435114849545,12.307568118670233,4.920190207268096
0.00011992581974224789,2.172596734745849e-05,0.0001153739416207489,0.00011476779540530398,0.00013019895362647468,5.1264339863224954e-05
2.172596734745849e-05,4.051235283485413e-06,2.1108944666068997e-05,2.1123131477722004e-05,2.3949538282986883e-05,9.463583919639445e-06
0.0001153739416207489,2.1108944666068997e-05,0.00011327430771175765,0.00011167536412616023,0.00012670685982260464,4.9890602310820426e-05
0.00011476779540530398,2.1123131477722004e-05,0.00011167536412616023,0.0001147406797934368,0.00012610584667319038,4.981945494787036e-05
0.00013019895362647468,2.3949538282986883e-05,0.00012670685982260464,0.00012610584667319038,0.00014595550468226903,5.632578081958508e-05
5.1264339863224954e-05,9.463583919639445e-06,4.9890602310820426e-05,4.981945494787036e-05,5.632578081958508e-05,2.316099764497007e-05
11.67612232333251,2.229104690332973,11.617980750529957,11.22307809151033,12.663523613515874,4.974708507925958
0.0004939779431786964,8.618074221197507e-05,0.00046164906255839007,0.00046544967903689236,0.0005500487144222965,0.00020791440551111095
8.618074221197507e-05,1.5787559982323678e-05,8.187676155050437e-05,8.311760910064905e-05,9.807585174770993e-05,3.7266166659276845e-05
0.00046164906255839007,8.187676155050437e-05,0.00044336908363367517,0.0004408210663938917,0.0005242261614816807,0.00019818897836170845
0.00046544967903689236,8.311760910064905e-05,0.0004408210663938917,0.00047019557142130466,0.0005257123309208797,0.0002004276433722911
0.0005500487144222965,9.807585174770993e-05,0.0005242261614816807,0.0005257123309208797,0.0006449724422432195,0.00023694593877875053
0.00020791440551111095,3.7266166659276845e-05,0.00019818897836170845,0.0002004276433722911,0.00023694593877875053,9.549846533142656e-05
11.956509193477478,2.2309087409940953,11.769519924263529,11.067976124509672,12.937447350846902,4.955005517619671
0.0002730603663027942,4.550861520525196e-05,0.0002535606138567338,0.00024331215714284708,0.00029750785687690507,0.00011065218128487102
4.550861520525196e-05,8.045801570418825e-06,4.303596695223312e-05,4.1457017174371307e-05,5.116933964286478e-05,1.931372457242289e-05
0.0002535606138567338,4.303596695223312e-05,0.00024331389059115501,0.00022947377870567213,0.0002820490336450418,0.00010548909674056552
0.00024331215714284708,4.1457017174371307e-05,0.00022947377870567213,0.00023204616771485908,0.00026834937641308904,0.00010191686902598007
0.00029750785687690507,5.116933964286478e-05,0.0002820490336450418,0.00026834937641308904,0.0003412108495870065,0.00012449557352180445
0.00011065218128487102,1.931372457242289e-05,0.00010548909674056552,0.00010191686902598007,0.00012449557352180445,4.967836137610555e-05
12.168232379208675,2.2103732514834764,12.033387962109314,10.910584022681668,13.076629706718123,4.8752279106233845
0.00028731739998026667,4.622303245351735e-05,0.0002701173539635791,0.00024957914971381523,0.0003068793719673422,0.00011120765817749023
4.622303245351735e-05,7.753139264408982e-06,4.394317584501863e-05,4.096069071758492e-05,5.038593593451937e-05,1.850295275463542e-05
0.0002701173539635791,4.394317584501863e-05,0.00026092111682915193,0.00023872877529600723,0.000293466687709581,0.0001065698946563485
0.00024957914971381523,4.096069071758492e-05,0.00023872877529600723,0.0002295709879917642,0.00027130697128847995,9.935903716543612e-05
0.0003068793719673422,5.038593593451937e-05,0.000293466687709581,0.00027130697128847995,0.00034202481651157137,0.00012183255179729126
0.00011120765817749023,1.850295275463542e-05,0.0001065698946563485,9.935903716543612e-05,0.00012183255179729126,4.691855922887097e-05
12.44943020440492,2.198792156884374,12.439432910877544,10.838372273180175,13.339104331500534,4.857604054469626
0.00028612960470133576,4.515504977736965e-05,0.00027141577209209154,0.00024574195748237106,0.0003081083788269517,0.00011005712138752379
4.515504977736965e-05,7.44203712035379e-06,4.3455844502079686e-05,3.9898039824853176e-05,4.9510540457270244e-05,1.7922560564456387e-05
0.00027141577209209154,4.3455844502079686e-05,0.00026433309980674713,0.00023702762178117904,0.0002965787080856057,0.00010640326805008426
0.00024574195748237106,3.9898039824853176e-05,0.00023702762178117904,0.00022483448284216792,0.00026897370757066904,9.71970792762549e-05
0.0003081083788269517,4.9510540457270244e-05,0.0002965787080856057,0.00026897370757066904,0.0003434106975809682,0.00012003323984935721
0.00011005712138752379,1.7922560564456387e-05,0.00010640326805008426,9.71970792762549e-05,0.00012003323984935721,4.6008560686595084e-05
12.715663201357465,2.308706720282554,12.827967311769552,10.88083164849133,13.521147782982156,4.9115344198672926
0.00015986221406774984,2.691492809439539e-05,0.00015431947497987033,0.000138809765489334,0.00017288271735664326,6.150975761060383e-05
2.691492809439539e-05,4.650483934188554e-06,2.6122875605194946e-05,2.360681429802073e-05,2.9489068322556788e-05,1.050905117431141e-05
0.00015431947497987033,2.6122875605194946e-05,0.00015149812980896934,0.00013496372691001714,0.00016783912212395958,5.997662601343038e-05
0.000138809765489334,2.360681429802073e-05,0.00013496372691001714,0.00012510129006430381,0.00015108611742635446,5.395825116544967e-05
0.00017288271735664326,2.9489068322556788e-05,0.00016783912212395958,0.00015108611742635446,0.0001923680949889578,6.700880883908804e-05
6.150975761060383e-05,1.050905117431141e-05,5.997662601343038e-05,5.395825116544967e-05,6.700880883908804e-05,2.5014545974521437e-05
13.088195531076055,2.2984364992639192,12.673909025937101,11.168397634620522,13.944621695424091,4.892756252101463
0.0012976981713343583,0.00019888917644712424,0.0011375461723325203,0.001104462116841439,0.0013300416942838686,0.00044318543250911345
0.00019888917644712424,3.1798110443995925e-05,0.00017697823123100477,0.00017051756371700327,0.0002084202115656375,6.979061775361688e-05
0.0011375461723325203,0.00017697823123100477,0.0010255951426109123,0.000979228377204428,0.0011833580615625934,0.0003960208321319329
0.001104462116841439,0.00017051756371700327,0.000979228377204428,0.0009702354853311074,0.0011385555163581896,0.0003810081604719691
0.0013300416942838686,0.0002084202115656375,0.0011833580615625934,0.0011385555163581896,0.0014061539661045285,0.00045981691054140165
0.00044318543250911345,6.979061775361688e-05,0.0003960208321319329,0.0003810081604719691,0.00045981691054140165,0.00016034999298392927
13.093761979087565,2.312661225217942,12.705482943921986,11.36211463424332,14.176415168419775,4.81794697815273
0.00046782189786783,7.512237353225282e-05,0.00042937451571437116,0.0004157723671995966,0.0005083158542425046,0.00016124064515910886
7.512237353225282e-05,1.2565965814434792e-05,6.95455794402132e-05,6.734628543071911e-05,8.331273554562393e-05,2.6608599499493898e-05
0.00042937451571437116,6.95455794402132e-05,0.0004042163110679576,0.0003850209085435639,0.0004699532796570375,0.00014915331311232035
0.0004157723671995966,6.734628543071911e-05,0.0003850209085435639,0.00038768561296783364,0.00045583185889294295,0.00014507027275803227
0.0005083158542425046,8.331273554562393e-05,0.0004699532796570375,0.00045583185889294295,0.00057375043131878,0.00017743765645926622
0.00016124064515910886,2.6608599499493898e-05,0.00014915331311232035,0.00014507027275803227,0.00017743765645926622,5.9362054534311866e-05
13.432269159348818,2.4304303944809487,13.245557072461741,11.329734510915868,14.330288174025906,4.8964953375839855
0.00016863363905327876,2.8285004716617167e-05,0.00015919792294395705,0.00014271703464019823,0.00018229706506614309,6.000003094084935e-05
2.8285004716617167e-05,4.861865740907577e-06,2.683145993259437e-05,2.4078761074880285e-05,3.0915795407658566e-05,1.0208595325519834e-05
0.00015919792294395705,2.683145993259437e-05,0.0001529406620985897,0.00013563955113953834,0.00017321022034777746,5.689699887319345e-05
0.00014271703464019823,2.4078761074880285e-05,0.00013563955113953834,0.0001261661764109171,0.00015575633513783725,5.110275345725098e-05
0.00018229706506614309,3.0915795407658566e-05,0.00017321022034777746,0.00015575633513783725,0.00020287237366723124,6.517420189962611e-05
6.000003094084935e-05,1.0208595325519834e-05,5.689699887319345e-05,5.110275345725098e-05,6.517420189962611e-05,2.262819795392696e-05
13.506748240795027,2.43703019471067,13.363203461926275,11.22356312385476,14.944212605041404,4.924288432549423
0.000984012761643192,0.0001700883763653008,0.0009495071818649578,0.0008254725936415672,0.0011549680476406843,0.00035824890754215056
0.0001700883763653008,3.0326498439273055e-05,0.00016573553414580487,0.0001447728639028453,0.00020345232523240325,6.302619465107957e-05
0.0009495071818649578,0.00016573553414580487,0.0009346519821538424,0.0008078493260820982,0.0011278107881826315,0.00034793895271036557
